"","Signature1","Signature2","Signature3","Signature4","Signature5","Signature6","Signature7","Signature8","Signature9","Signature10","Signature11","Signature12","Signature13","Signature14","Signature15","Signature16","Signature17","Signature18","Signature19"
"C>A_ACA",0.00164654643105648,3.7208705940257e-05,0.00781556881412405,0.000587750599352432,0.000598097824469916,3.63615004501337e-05,0.0410504851390342,0.00352548545581029,0.00030999402245449,0.000380815898798981,0.000635205708508409,0.00161204649050518,0.0233832327966708,0.000943544301060186,0.000204947713981845,0.000433391033639989,0.000138609773462174,0.000106958120190799,1.15909384904422e-05
"C>A_ACC",6.41323446099351e-08,5.61587869367338e-08,0.00794828318748949,1.4465752838231e-10,0.000370874349290518,1.10783841314044e-19,0.023592483252891,0.00211656528591196,0.000464051203609334,0.00061917599882448,0.000841270737266221,0.00387534166815083,0.019049782045257,0.000998194992300691,0.000417896417491056,1.45086528407186e-05,3.27560507938852e-08,0.000684301608906659,1.02023263848536e-10
"C>A_ACG",0.000584319621266465,2.93569740837756e-05,0.000532930496471699,5.53064026767883e-11,1.29941282765306e-05,5.94861836212264e-05,0.0046884250896913,2.71985252476438e-23,1.99662526834315e-23,1.83972497874495e-23,2.96269652783326e-21,2.23051848087859e-23,0.00187437011581887,2.0468573454901e-23,2.45450305944135e-06,5.96659904139447e-05,8.69654809423314e-09,1.93422943573542e-23,1.53361536169897e-16
"C>A_ACT",0.00052685151086582,0.000162087011264106,0.00724247510109468,6.09126517069761e-16,0.000195018961916319,2.03207493112688e-15,0.0287031395094642,0.00258267067771772,9.63435808145063e-07,0.000748189138991213,0.000764102476147191,0.00227652012841349,0.0167507209214696,0.00114048842989694,5.70665879635334e-15,7.89199651036016e-08,5.74188728914751e-07,0.000225345500070907,4.51190186225194e-06
"C>A_CCA",0.00281237067197489,0.00157622602142459,0.00246832706308526,0.000386809958520693,0.00180561033442566,0.00199282046600702,0.058882845955316,0.00145301696246659,0.00117755363294301,0.000148374791826461,0.000185737366863277,2.92899288291656e-05,0.0218428624871776,4.9989544984631e-07,0.00108677168052762,0.000320889232951786,0.00418089833973637,0.00245101719994586,0.00150394639039854
"C>A_CCC",0.00174972457084483,0.000663607664203673,0.00593114964196434,4.882587802591e-05,0.000905440799010914,0.000679174749450172,0.0316389059091968,0.0013589756883304,2.69946280232944e-06,2.04618714213971e-05,7.56009167418269e-05,0.00075397422047127,0.0160540567216039,0.000934785574773011,0.000920506094319675,0.000528537808462674,0.00144469758283057,0.00152528569043307,0.000242214200963679
"C>A_CCG",0.000274988619283956,2.12590006741884e-23,0.00102837456637965,1.8798022869946e-23,1.61996634367519e-23,1.84590478322343e-23,0.004374853576872,2.71985252476438e-23,1.99662526834315e-23,1.83972497874495e-23,1.93142222520101e-23,2.23051848087859e-23,0.00236890766402452,2.0468573454901e-23,0.000181213971521889,1.94508445187124e-23,2.38577765923946e-23,1.93422943573542e-23,1.53983971176698e-23
"C>A_CCT",0.00322571935613786,0.00104160267379859,0.00100536659002154,0.000167395453198265,0.000348421255811407,0.00234769221286015,0.0444773996870513,0.00333197065811855,0.000413151391620609,0.00102364258087745,0.000959145401112793,0.000634600916035486,0.01723129363938,0.000305247499574284,0.00193263798568045,0.00181104010014485,0.000757019001022468,0.00103050744127982,0.00253078252242218
"C>A_GCA",0.0117532405358562,9.23107834131077e-12,3.55415735081004e-23,0.000536759966325274,0.000341600052007844,0.00147777870168429,0.0531599542702064,1.61328770248237e-06,3.01023711051765e-13,2.16123394161451e-20,1.55597114016706e-12,4.73851978678082e-11,0.0158423057078168,2.66424229083949e-09,1.93233679859949e-12,3.22662794562394e-05,7.86039281276433e-17,7.31136006167655e-06,0.000825655308762021
"C>A_GCC",0.00288898454284632,7.48765722517078e-05,0.00500664689339689,1.52396069988836e-14,0.000231965026369613,0.000281800744963246,0.0189635453447096,0.00218018958669899,7.79578049916121e-08,2.99979019623832e-19,0.000184060181755808,3.03224603862271e-05,0.0115493058746894,0.000303144372256615,0.000322347472876327,2.4152588042909e-05,8.57870654883145e-13,1.36691871653073e-18,1.16301905468159e-09
"C>A_GCG",0.0012265144253772,2.12590006741884e-23,7.78398322930127e-23,0.000233375685347848,1.61996634367519e-23,2.66578432770334e-05,0.00360834375422639,2.71985252476438e-23,1.99662526834315e-23,1.83972497874495e-23,1.93142222520101e-23,2.23051848087859e-23,0.00104758132978578,2.0468573454901e-23,2.41204790956037e-23,1.94508445187124e-23,8.27981736700625e-05,1.93422943573542e-23,1.53983971176698e-23
"C>A_GCT",0.00562789782028276,8.97753539468913e-09,8.75883227181984e-06,0.000196681161547663,0.000200522147084516,0.000333684044138991,0.0343823279210163,0.00182913630854716,1.60948564340213e-11,1.83972497874495e-23,1.93142222520101e-23,9.65885235537839e-07,0.0159702544211624,7.6177265231659e-05,0.000335375287042314,4.06578029793996e-15,1.802401508458e-15,4.47295269212993e-21,0.000111512006090102
"C>A_TCA",0.00287588530878353,0.0047091307156683,0.00890785935545378,0.00330361286782539,0.0012032362994769,0.00133953443943782,0.0404443958380963,0.00560435326499343,0.00781677895697963,0.00228614045335004,0.00778742379399669,0.000288986453557827,0.0183998906879719,0.000144700329196004,0.000774787125737348,0.00583614565378472,0.000293017788696991,0.00555556918709618,0.0016518563311414
"C>A_TCC",0.00246978812019386,0.00276077002902196,2.25461611084801e-06,0.00346276162773909,0.00324270402156619,0.00308542934400979,0.0348164657478907,0.00229387486335823,0.00576819508881346,0.00104876857752325,0.00414667020547444,0.000395386953725254,0.0165658306070344,0.00210293455646021,0.00212079595759587,0.00109692495015945,0.00383533763754911,0.0045915202708659,0.0011991884820128
"C>A_TCG",0.00193240669951361,1.95942957875765e-07,3.55415735081004e-23,0.000912960823068226,7.78617100797227e-05,0.000494703913441795,0.00640758806437124,5.4639367429649e-12,0.00174745361802799,0.000162850490789982,0.000709821898681302,1.14031913914659e-09,0.00211071132567633,2.58321590792064e-05,0.000391833932695027,0.00014900978248688,0.000770233809947404,0.000250015532866946,0.000110411906541756
"C>A_TCT",0.00784047854900193,0.00124993043631534,0.00517530726417743,0.00213388787227022,0.00143002102451147,0.0037646789413851,0.063793195241508,0.00608220200359738,0.0110917350624869,0.000428426036461538,0.00610573466370024,0.00317356043728825,0.0289373992001386,9.86949547588786e-05,0.000259625380917551,0.003983387168,0.001529937080428,0.00463730412984025,0.00194625361877754
"C>G_ACA",0.0018342583509617,1.00476986206415e-09,0.00365177633320419,7.92302479978473e-18,1.06016291656619e-10,1.84590478322343e-23,8.18139754229307e-09,0.00101524875894106,0.000121244858186633,7.56341764528455e-06,1.900942930941e-19,2.08603615401178e-09,0.0196519724498848,1.08844125116979e-09,0.0003316038612767,5.516358522345e-08,0.000135277727843483,0.000178829810069618,1.108859227572e-20
"C>G_ACC",0.00116488479551356,5.53109533016816e-07,0.0011100346370889,0.000177912949570751,1.0244731800566e-11,1.84590478322343e-23,0.00200715989999785,0.000707280016651161,4.91914427660478e-05,3.93680755597813e-05,6.0120568272144e-05,2.69527079386192e-05,0.00981830583037216,3.84212389789885e-16,0.000243725910330747,2.45350597968295e-06,2.99366417079098e-06,4.26832513257254e-06,2.04188610323796e-16
"C>G_ACG",4.16719526856651e-23,2.12590006741884e-23,3.55415735081004e-23,0.00018035512846936,1.61996634367519e-23,1.84590478322343e-23,4.3359146300149e-23,2.71985252476438e-23,0.000150524146540646,3.60548388301222e-05,2.64740224798587e-06,2.23051848087859e-23,0.00378566225165523,5.86330382706389e-08,2.41204790956037e-23,1.94508445187124e-23,2.38577765923946e-23,5.26174847987586e-22,4.12147570769127e-09
"C>G_ACT",0.000329123498938792,0.000349240710147065,0.00271125337981437,0.000185289159298247,6.11371225583573e-05,6.39250171705665e-08,0.00231266967660353,0.00158991834798014,2.11830677032993e-05,0.000216300566284732,0.000231546439265927,1.59977277313052e-06,0.0187127922924234,0.000323952136905185,0.000411477918220336,0.000777261502087749,6.16890638710108e-07,2.91719053862186e-07,1.32774295663221e-08
"C>G_CCA",0.0014276336998696,2.3833016884852e-06,0.00203012662421594,0.000120195113881948,0.000122153835287281,1.86300781382549e-14,0.00239794673889578,0.00029713394135407,5.66634242037465e-05,8.8620045262482e-05,3.4996625296508e-12,0.000469824538367138,0.0120275803590547,0.000204678448247337,5.53614903744591e-05,0.000109045772528828,9.6424182090185e-06,2.89442299401073e-10,2.68763202724285e-06
"C>G_CCC",0.00082375163986117,0.00146803066754822,0.00200249362315898,0.000688922661909712,0.000502040954629749,6.658938161137e-06,0.00341436167078724,0.00071833555024494,0.000177748466885491,0.000429821120184779,9.28946217873712e-05,0.000438634956699338,0.0101799270470375,0.000158233767032812,0.000488630457168563,0.000100559845320956,0.000339886317444595,0.000369298812813098,0.000419361006471893
"C>G_CCG",0.000247142416878016,0.00037941140169325,8.70471125995416e-17,0.0005864853222829,0.000297166460142055,0.000644189380173371,0.00207451804344914,0.000691133773069669,0.000546360213166309,0.000459161830536919,0.000352937870560673,3.67539822245449e-05,0.0032681072358405,0.00064465870799266,0.000774224716797876,0.000311225839595935,0.000493699467264338,0.000353213489535249,0.000778351109433838
"C>G_CCT",3.27946538920897e-10,0.000219941838040245,0.00269131012527606,3.43121158199132e-07,5.47707526508018e-05,0.000435177166736486,4.80585100503725e-05,0.0015564026068202,0.000402295367854366,0.000195001636970825,0.000862169142994232,0.000124064852871405,0.0201024960031276,0.00057552884533108,0.000216097864272239,6.7023969325757e-05,0.00112371486788154,0.000198196050642826,0.000144496503349781
"C>G_GCA",0.00090310162198715,2.02826182349795e-21,0.00154651213711939,1.8798022869946e-23,1.61996634367519e-23,3.32948357496839e-06,1.11016973132196e-06,4.64331651986053e-10,8.40456977682659e-06,2.70310133762661e-05,1.93142222520101e-23,9.62307362926752e-20,0.00952450260407773,2.0468573454901e-23,2.41204790956037e-23,1.94508445187124e-23,2.38577765923946e-23,2.13977460337303e-19,1.53983971176698e-23
"C>G_GCC",8.99621122172792e-21,1.37595579531805e-05,0.00128030841306918,0.000447794755488633,0.000249613107517259,0.000231633953891839,1.74616093841602e-06,0.00093462451732801,1.8693824160348e-06,0.000303051307969132,2.88603180016149e-06,0.000988456139981864,0.00904735114258519,9.65534473533076e-05,0.000326599520003841,0.000198768204748798,0.00108511762237979,0.000256422267745059,0.000779052611807374
"C>G_GCG",4.16719526856651e-23,2.40598888967298e-05,3.55415735081004e-23,3.38429182694455e-05,1.90338987079116e-06,1.07593224834214e-22,0.000262882129985618,2.38126775413943e-19,1.27864513266755e-08,1.83972497874495e-23,4.81070480570687e-12,2.23051848087859e-23,0.00123971020650802,2.0468573454901e-23,2.41204790956037e-23,1.78346650639743e-06,2.38577765923946e-23,1.93422943573542e-23,3.99742316506781e-13
"C>G_GCT",0.00131041426783242,9.94087790283104e-05,0.00209866296301584,4.57976289031382e-10,3.41293255486432e-05,8.30603905270766e-16,7.56051256587962e-23,0.00103722387644188,4.57131372710299e-05,9.64636792787599e-06,1.22668397667361e-07,6.33909446367785e-18,0.0145342205166938,2.51421216183604e-21,2.41204790956037e-23,0.000293987244455573,2.05220684609998e-11,3.20643237275145e-05,1.48070686678167e-05
"C>G_TCA",2.90034364106928e-09,0.00701089696035518,0.0046427431622324,0.00711367581928616,0.00118001876054371,5.90198964846631e-08,0.00166590510323949,1.62431512103104e-06,0.0190278259732183,0.00139131405977311,0.0190908464818214,0.000182682443605284,0.013031804103713,8.57390567601563e-05,1.70919811900558e-10,0.0132853786824732,5.72034793245554e-06,0.0127484230278453,0.000755263870940612
"C>G_TCC",0.000244204584429614,0.000950028537742991,0.00285890888450838,0.000900355941928669,0.00060356070084225,0.000929438799673988,1.56201544795605e-07,0.00198526661884176,0.00100559001315553,0.00124736661878835,0.000228833326324512,2.26472625754192e-05,0.0158613526205667,0.000777798154555129,0.00143868751224986,0.000446607142028259,0.0017297208302421,0.000157647558688591,0.00126549436747592
"C>G_TCG",5.01159350741417e-05,0.000152436239264556,1.28496507544157e-09,0.00104590085311628,0.000176624970535956,1.81598797195564e-05,0.000598152815946076,0.000575369608560018,0.000891569350562592,0.000307327073579853,0.000880247331361982,0.000167153630431754,0.00207560522919043,0.000418820896468102,0.000364727054881597,0.000970930309545774,2.37529727966307e-06,0.00043111003656894,0.000582863795642515
"C>G_TCT",0.00286999131864759,0.0134274852048146,0.00873814670192745,0.015417540425517,0.000571690635398995,2.13915152702036e-06,3.4590984629038e-05,4.30722839540445e-08,0.0301293008614985,0.00407771527174449,0.0362667041273504,3.27155742476302e-05,0.0262312174418428,0.000712192077784308,2.02587433401974e-06,0.0255680957785587,7.90589323377676e-05,0.0223807415655212,0.00183523866625273
"C>T_ACA",0.00718929875457901,1.98683030795587e-10,0.00887716862570861,2.72830619128267e-07,1.10961588880021e-16,1.1832395234558e-17,0.0126938006748088,0.00164775000633781,0.00306291810503149,9.73310198338425e-08,0.00354171328193653,0.00195066691062878,0.0232820864477024,2.58173341174464e-09,0.00995204846001333,0.0015496539217909,5.40682531061726e-17,0.00406157143541924,7.66177093115357e-19
"C>T_ACC",0.0056604093442644,0.00822363577264325,0.000356059200038428,0.0141150964966042,0.0188518827781906,0.0173043549478451,0.00905526682485453,0.0231783605721383,0.0144829572151603,0.0156587227949023,0.0118991209623826,0.0239179995569485,0.0129801157407874,0.0219373977921271,0.0587449741887542,0.0022899234210709,0.0211583594369971,0.0157430440016692,0.0201000748265256
"C>T_ACG",0.00618045093931967,7.61163641774656e-07,0.00778296007103481,4.10912242275454e-16,9.05047997722794e-17,7.67762772009611e-09,5.99265052022107e-17,0.0033210019435399,0.00185825267045014,6.90482696724305e-05,0.00270026560026444,5.11186828088674e-10,0.0457943798769249,0.00109974139431042,0.00252462733924062,6.25262781292356e-07,4.18033512839292e-12,0.00193106453702743,1.9759984156095e-11
"C>T_ACT",0.00662958684121471,5.66897347971249e-05,0.00782022870418209,0.00389677986139665,0.00210864821557122,0.00173858361342716,0.0108961638978767,0.0111423782312532,0.00210996218493687,0.00488480091507684,0.00361229642028501,0.00771820692715816,0.0193156213069932,0.00571180067260067,0.0306388482123599,0.00127347439656991,3.24415072295188e-05,0.00322838288647105,0.00564487740996374
"C>T_CCA",0.0194752988130976,0.0315402486891363,0.0281928067210511,0.0802040698886872,0.0816236251705392,0.0774037084609168,0.0133285639622778,0.0782315354620333,0.0761485816839122,0.0413856581436885,0.0620541400652754,0.0611318168496784,0.00150408393771454,0.114906788124512,0.0351313028274066,0.00263021139711611,0.134084735838346,0.065458380651254,0.0540611292783518
"C>T_CCC",0.00547130849500341,0.15224523593763,0.00871920203859696,0.0839474484640512,0.113451931440654,0.100758726048557,0.017988244222618,0.0997751570452108,0.0224193483033631,0.112565584513504,0.0489560844691857,0.0623158840362248,0.00554608883661842,0.0913599245381745,0.134305459781915,0.0681121374801191,0.0592559252436958,0.0671257932412153,0.0888655217543181
"C>T_CCG",0.00854891138815481,0.00152454761718913,0.00103958422433137,0.015674462023538,0.0106746705196632,0.0199122918084236,0.0140512086424703,0.0274423212350057,0.0142112454928752,0.012125690441516,0.0206875044244867,0.0114865245919599,0.0254926344513018,0.0297848420493456,0.015992123950826,0.0151734762015469,0.044671032206449,0.0172164659594811,0.0259157355637235
"C>T_CCT",0.0104688887781006,0.0343072070585758,0.0446739015315929,0.0878695305459565,0.0426102796422284,0.0569389142017186,0.022663655925712,0.125138054641117,0.0257404438479341,0.0631768063841018,0.0604886073883557,0.0398589443858249,2.54510119414568e-05,0.112383102526382,0.0792159650650577,0.0630129924466519,0.111657180028526,0.0446903286540098,0.0987195305131923
"C>T_GCA",0.00267352938673768,5.46367744593665e-05,0.00611520891300312,0.000503405844122868,3.56626740263947e-11,2.02928275061552e-12,0.00635327088700149,0.00226213211269948,0.00378242503130529,2.23838937562509e-10,0.00286125264006336,9.04872864073637e-07,0.0181771358463585,1.08736236952041e-12,0.0116347329983075,1.7452476393748e-06,6.16041116316587e-12,0.00289696073898278,2.40847498421213e-10
"C>T_GCC",0.00269544488611158,0.00216171633136835,0.0028398180491625,0.0161991551623396,0.0132659402558674,0.0202338142583783,0.0138226846498205,0.0348632225406023,0.011494018934408,0.011663137522167,0.0175239255071206,0.0115837324976733,0.0155019676890542,0.031056982761508,0.0535190810136072,0.00597117646282523,0.0314345419645398,0.0192002088064587,0.0244105936059421
"C>T_GCG",0.00523158204060173,2.12590006741884e-23,0.00270349884576716,1.98974988755222e-21,5.65106984696844e-10,0.000145936005383519,0.00292531449648699,0.00337479265208186,1.99662526834315e-23,4.10060714085669e-05,0.000520766198219137,5.53473636969695e-05,0.0261708983052658,0.000499029381948877,0.00394457228060678,4.47622351252876e-22,7.92742577190324e-23,0.000299737767811024,4.32778830668242e-08
"C>T_GCT",0.00258217432376596,0.0116280052222319,0.00695020911532077,0.0145050724969888,0.0103965062801222,0.0140275346533841,0.0129602098211912,0.0287051977694222,0.00434371065140674,0.0145577428023971,0.0100642049877322,0.00690957368239207,0.0128577895692566,0.0196864868790796,0.0345146487364514,0.0136950921471359,0.0194339414127568,0.0103451677852242,0.0194523952536673
"C>T_TCA",0.0077398414721949,0.294341025923726,0.0570062587659708,0.190969148818679,0.153676951244575,0.13283963560657,0.0397995090600319,0.0743731016959338,0.22037491048088,0.159252777966919,0.283705893156363,0.0801083232162418,6.35591868230746e-06,0.103359477162985,0.0843394653883119,0.220003405147615,0.0536506217183366,0.228012712641571,0.0916566281114492
"C>T_TCC",0.015348166386096,0.341034772949369,0.0129826892667253,0.184622708213536,0.319313890505384,0.320314374465271,0.0243592296284795,0.128653964852775,0.192443899264846,0.351446927319554,0.105564411206056,0.38293919491507,9.09047838444384e-14,0.151912689069738,0.27695678346618,0.326717588157706,0.0996246271926549,0.144254914535879,0.318909385260066
"C>T_TCG",0.0113633789614427,0.0198950962620518,0.0266124871593796,0.106253692622404,0.077209602287129,0.0911904383106184,0.0189783676591811,0.116355903733178,0.0999314294853998,0.0638000611403087,0.0962446590143414,0.0723376829285921,4.83902708182442e-12,0.144293893826929,0.0409423407079952,0.0538197035126549,0.186700028542947,0.082469884989763,0.103876772171966
"C>T_TCT",0.0152305306915414,0.0280297935735843,0.0377362886891052,0.120297711038233,0.0784201007417023,0.0764891033745706,0.0194137831136015,0.0721320166477298,0.194304545175052,0.0674284660241337,0.166754781086422,0.115812351910849,0.00648312350299396,0.101381832583343,0.0731855173602742,0.119102236739965,0.12487074978231,0.121224327368761,0.09280491038623
"T>A_ATA",0.000803787811159028,0.00154628448000641,0.0107737399453218,0.000719347083891719,0.00157016231877703,0.000392543038989773,0.00497871379342147,0.00279186481072954,4.30173287315432e-06,0.00113589244676219,0.000537862104678647,0.00342202328198343,0.00939103262211541,0.0012468676406632,0.000370948758726693,0.000186451201899518,0.00063918517769123,0.000676022928793914,0.000154321259590348
"T>A_ATC",0.00165788668586581,0.00024387902848814,0.0105298930097867,0.00107714385807969,0.000222603164836855,0.000514615660608273,0.005686488344572,0.00191780424793861,6.4630969316262e-05,0.000723563980362644,0.00089804611283478,0.00201914225920883,0.00693813139745621,0.00225357903495921,9.58451896146673e-07,1.45728819547926e-06,9.46548892040938e-07,0.000611227783484217,0.000550935842753913
"T>A_ATG",0.00124067868579246,0.0004020912800244,0.00703267181818077,0.00106082281870211,0.00141923522617191,0.000542504886098692,0.00668396497135062,0.0017758700602232,0.000177845119083391,0.00090532120245108,0.000966918575845557,0.00378584873809354,0.00819370273328848,0.00155461167757533,2.47252721079033e-06,0.000287109322129301,1.9535560389648e-06,0.000901251543200437,0.000202823487889489
"T>A_ATT",0.00206442787814829,0.0014965325402333,0.0135169677353628,0.000833913397712497,0.00461991083548973,0.00285433693761749,0.0098656848804808,0.00397119232666794,0.00339692427293859,0.00431225245899656,0.000619215162119005,0.0114493774375666,0.0120212480742347,0.002297730764394,0.00201745341658236,0.00348717833952111,0.0013471654546478,0.00132659932020044,0.00290478602243998
"T>A_CTA",1.76238686815731e-05,5.97634656115078e-17,0.0024964967165297,1.8798022869946e-23,1.61996634367519e-23,1.84590478322343e-23,0.00979467152712944,0.00185876205895297,2.08246197443096e-11,1.39913379187485e-22,8.56339304103237e-05,0.000291185425457539,0.00712919388122719,3.05378151273567e-17,4.30616173223209e-12,2.38437162953758e-21,2.38577765923946e-23,0.000418807650864908,1.53983971176698e-23
"T>A_CTC",0.00959418828651653,0.000138220611460548,0.00980084671953311,0.000531510275571863,0.00126220306944353,4.81624475576358e-05,0.0072897261791779,0.000213847228103808,0.000801765385699126,0.00208008407780655,0.000383134405204927,0.00559789371623061,0.0103994178479198,0.00141695998918392,0.000915992559427822,0.00178136159974266,0.00171639409322438,0.00261466131907168,0.00157751937070354
"T>A_CTG",0.0072227088929546,0.000252313473549482,0.0047043225174368,0.000536943307211059,0.000980654219533381,0.000136784741122468,0.0146450099903908,0.000362973656586042,0.000109972915633423,0.000690823535005853,0.000472580622292545,0.00209043090025957,0.00923112590767946,0.0015214735843188,3.33745831182317e-05,0.000174956924735202,0.00078916145432349,0.00186668038795699,0.000443021773268815
"T>A_CTT",0.0252083034110595,0.000727551099120327,0.0107308319547356,0.00124489896680894,0.00248306032833202,5.28860831583042e-05,0.010617153845147,0.000128883338490272,0.000946710543969589,0.0027298278474076,0.00195316449112582,0.00684021958825256,0.0135545616206306,0.00316674349416971,7.71821359948374e-05,0.00125147418531389,0.00182390532962799,0.00127073233730344,3.2672497857424e-05
"T>A_GTA",0.000459230751321666,1.95076480790839e-05,0.00131006153829976,1.02525190740125e-16,1.61996634367519e-23,1.84590478322343e-23,0.00853213867700749,0.00124499864304587,4.63928010808959e-12,3.15189418547568e-08,3.56541839174714e-05,3.68779826213062e-11,0.00429289728179875,6.05455888199569e-18,0.000179160053736652,1.94508445187124e-23,5.18654942659078e-17,7.76380581842097e-16,1.6648751681411e-16
"T>A_GTC",0.00261756601643414,7.42521451856199e-11,0.00390823771274919,8.06107893904946e-19,1.61996634367519e-23,1.84590478322343e-23,0.00643263824203462,0.000433626883450344,5.05257209442957e-05,1.83972497874495e-23,0.000104183546839208,0.000458004591233592,0.00533501717001457,2.28550869438372e-21,3.40425848121502e-05,2.7318583963502e-14,2.38577765923946e-23,0.000463940006044146,1.53983971176698e-23
"T>A_GTG",0.00353567276839062,1.51146713517669e-05,0.00316600876236495,0.000540699666890386,0.000799553554310136,0.000357252011088263,0.00497380136171664,0.0010543231392743,2.90830549231373e-05,0.000623718133328515,0.000713396473185417,0.00134304495210637,0.00658271182437338,0.00139872495250802,0.000179245603105529,0.000830170064741417,0.000251659308735524,0.000327141529138342,2.77868080240656e-05
"T>A_GTT",0.00301930584061375,0.000411672488364296,0.0065071764126792,0.000633610566943682,0.0017631578093131,1.12157697626788e-05,0.00647887529695241,0.000840895711244106,0.000832477751943124,0.00150397609679642,0.000480043918200604,0.00509873004592575,0.00941532257024088,0.00139518013864194,1.94288060006557e-09,0.000850047047732117,2.69247794379048e-06,0.000412958915470397,6.42386321912735e-06
"T>A_TTA",0.00090200466092764,0.000278954082405869,0.0132021306892729,2.86856541528163e-07,0.00207424918745567,1.59297740861814e-05,0.00635615993255907,0.00400650799960926,0.000974909297419023,0.00151762621019557,0.000111737738588365,0.00517325966364434,0.00947877448684599,0.00103253778193671,3.2061122787497e-08,0.000189025064236109,0.000892374077809117,7.79316470627642e-05,0.000356318404315797
"T>A_TTC",0.00367869296167224,0.00114909844455145,0.0110217012324426,0.000679654497507609,0.00218838085499992,0.00118424616248838,0.00591167803883163,8.68560531556661e-05,0.00109806070928072,0.00149390754402122,0.000118954468756454,0.00446118429606365,0.00653549362727734,0.00154535712265792,0.00036651564030768,0.00168480172679492,0.00255723183296584,0.00173494315799912,8.54583601514836e-05
"T>A_TTG",0.00113366572674193,0.00216523356894906,0.00861951759605942,0.000923514909747929,0.00194204470754538,0.000565201761815644,0.00405819449747776,0.0038719803525545,0.000438999413080513,0.00113239489121794,0.000468483610905631,0.00138903006737022,0.00534570004933411,0.00137985499093387,0.000463795188566682,9.47513559422042e-05,0.000552866923950804,0.00087175083349756,3.48879930466609e-05
"T>A_TTT",0.00621064935732621,0.00507101783711086,0.0162529738931322,0.00413805916506476,0.00585120380840018,0.00380577892841153,0.00992842589802271,0.00625992220793182,0.00117853186734157,0.0058306154033958,0.00253269431313498,0.0103902158796786,0.0140521219846703,0.0059656271680704,0.00196779850912549,0.00329068175438558,0.00310785099577618,0.0043891463761933,0.00357824774723637
"T>C_ATA",0.00268825215633293,6.22600059783609e-05,0.0358882645224973,0.000594659597962093,0.000618416860251341,0.000268185204598033,0.0098521422729393,0.00635780105487198,0.000148268883422126,0.000420244550144583,1.30525381302255e-05,0.00143235313025762,0.0139896972959234,6.35692407788961e-07,0.00123135541022594,0.00217422784845993,0.00386517192607551,0.000569136408720091,3.1087381122475e-08
"T>C_ATC",0.00679173609569965,2.12590006741884e-23,0.0214803892946721,2.00657433233638e-08,8.13182274962108e-06,0.000318560106699322,0.00742827534560734,0.00163624784450361,2.29970237715958e-19,1.43500862497202e-05,5.37851559205513e-16,2.28866890541911e-12,0.00672287227415381,5.68527620248685e-20,0.000950852687111936,0.000357326720027816,0.00191837086134214,0.000770946659369333,6.23399451397562e-19
"T>C_ATG",0.00374745023963564,2.7709472643675e-05,0.0296601900836289,0.000364164131395041,0.000810256714908845,0.000872757986637666,0.0143876843440098,0.00508069447572773,0.000234866202176939,1.18972960609919e-05,1.03187374935105e-08,2.13268131466849e-06,0.00909027711355592,0.000133780590228027,0.00110205517549132,0.00195487464107883,0.00670914685853518,0.0011683755095691,3.00975416646474e-06
"T>C_ATT",0.00489409851990965,0.000578051675888717,0.0273831912593307,5.15236702609188e-08,0.00238926446980338,1.031757252223e-05,0.00599825212919834,0.0043409486460509,0.00218023633350378,0.00117330262176341,1.00207153577239e-06,0.00649682565795718,0.0168568688640535,0.000777416195392174,1.60750617003224e-07,0.00184113049665269,0.00167568205206064,0.00133773034822189,0.000320283807080277
"T>C_CTA",0.0118760889392245,0.00199478470798313,0.0227993763256019,0.00125844434837206,0.00153271484386194,0.0012148612532032,0.00499489814352416,0.00293123601159833,0.000503408652409274,0.000736459604925899,0.00019259980915718,0.000448120786176822,0.00592303070004458,0.000874193929431012,0.000938506828828151,0.000833704567704743,0.00231957438461257,0.0032336118663322,0.000405172532931442
"T>C_CTC",0.0355898719832552,9.09583154553491e-05,0.0209372588015125,0.000125701681381162,0.000491506763139407,0.000307873525181296,0.0119439469229353,2.23864795211694e-05,0.000366584371359843,0.000778374912705244,7.47306857284082e-05,2.27276099393779e-05,0.00931288604375116,0.00141646098417695,0.000957586967377648,0.000641536237442392,0.00850227757921063,0.00555211732927921,2.5310194140478e-05
"T>C_CTG",0.0305943611059023,1.24532453417765e-05,0.0210361244101608,0.000233013301944618,0.000887455179608459,0.00132416331761794,0.0141089920605223,0.000522108439584118,0.000114024429463457,0.000112455161815654,9.80905745194373e-05,2.8808029283932e-07,0.00568066168260297,4.687023708213e-09,0.00125451140625245,0.00268597432263072,0.00788092834760688,0.00503271647939325,0.000971316177493179
"T>C_CTT",0.0744470094102033,0.00323834670432716,0.0205933750392053,0.00306408030981169,0.00700604795815304,0.00497521930829849,0.00474352776965736,0.00247301266230889,0.00568856017147997,0.00583081076829058,0.000507870999169099,0.00801523910410505,0.00921687032377819,0.00284677505402606,0.00370169823647731,0.00328396599690268,0.00485098092554953,0.000403763097939578,0.00237954690090117
"T>C_GTA",0.00319326807030967,2.12590006741884e-23,0.0444647258064989,5.09807957405681e-16,2.22329859150871e-14,0.00235127171496106,5.1326829064635e-07,2.71985252476438e-23,1.99662526834315e-23,1.83972497874495e-23,1.93142222520101e-23,2.23051848087859e-23,0.00858093098605629,2.0468573454901e-23,0.000928735187879902,1.94508445187124e-23,1.89236401515933e-20,1.93422943573542e-23,1.53983971176698e-23
"T>C_GTC",0.0109250133075895,3.00422110685208e-15,0.0231664539569854,6.57734340116875e-12,1.32229081337727e-14,0.00126318339744284,0.00236211997704311,4.88232410553015e-14,1.15934007625329e-05,9.58782253922135e-07,1.87622573009395e-19,1.13764273381144e-16,0.00560623299073669,1.13204964317138e-07,0.000978498558203012,8.64873408392598e-14,7.23395476490541e-13,0.000761068129537806,2.43635518301201e-15
"T>C_GTG",0.00800181103646423,7.16835230452376e-13,0.0284099236515617,2.54674025113377e-05,0.00011665081099454,0.0026374791326492,0.00826788315266169,4.82736042663757e-12,9.19357218430926e-06,9.91494237866895e-09,6.03886462836441e-09,8.16166675396383e-15,0.00587743194274526,8.37233640887395e-12,0.00129847150655825,6.85666473053333e-07,9.4499113822523e-08,0.00112204143013104,6.75507594937935e-07
"T>C_GTT",0.00924668499750179,0.00922755620860985,0.0338476814632893,0.00379209446660043,0.00719547420688842,0.0114090049390384,0.00225259901368479,0.00484566890713786,0.00301712541676945,0.00972679271881982,0.00386881069681201,0.0109894620634668,0.00832131417044093,0.00487178783509207,0.00611992923941789,0.00841097600219589,0.00511771418022462,0.00308869753461757,0.00825811096779817
"T>C_TTA",0.00438959013310724,0.00126253987562871,0.0351861533989789,0.00257548064023705,0.00258515899391597,0.00304753022328353,0.00283095452328345,0.00395347645908768,0.00188729015452115,0.00170290445013498,1.89243050648699e-07,0.00172367903596494,0.00649550288231693,0.00203678659814385,0.00179827400410535,0.00150818265698022,0.00648265147413848,0.00259114172701357,0.00144145866858143
"T>C_TTC",0.0153408280366946,0.000899515763304395,0.0235461790276813,0.00259813479531338,0.00124540198743783,0.00161104852042391,0.00774738678489764,0.00377512654711595,0.00127209578812226,0.0018044443883674,3.07587220373008e-06,0.000203337099700555,0.007862815060012,0.00192016064173475,0.00214009219021176,0.000828978487226363,0.00495808703177979,0.00380278189315258,0.00255080376175612
"T>C_TTG",0.00863717747475139,0.000478778354579687,0.0189063362269657,0.00112432847569371,0.000973888080181836,0.00231192978875221,0.00591313946789616,0.00267437405885466,0.00139055435644115,0.00119180915846789,0.000136560955895729,9.91091764540767e-06,0.00571751675546654,0.00163298013511342,0.00186048765812989,0.00100548452749389,0.00782615228925245,0.00360601294661656,0.00283056059555592
"T>C_TTT",0.0117434682356456,0.00329378811485138,0.0302839465154186,0.00101520026078456,0.00391246460098185,0.00278163662377583,0.00589177400193398,0.00906598966250992,0.000571188623583389,0.00107653733315948,0.00181516772803405,0.000837951938111724,0.0101603948209701,0.00331133935774225,0.000819902631709519,0.00191776998564526,0.0073465032431316,0.00517673441874813,0.000231017698500362
"T>G_ATA",0.00336428336135506,2.12590006741884e-23,0.0109537515900812,1.8798022869946e-23,1.61996634367519e-23,1.84590478322343e-23,2.47048833414225e-15,0.00918315955946699,1.99662526834315e-23,4.9360160418774e-16,1.93142222520101e-23,2.23051848087859e-23,0.00482161188470824,2.0468573454901e-23,2.41204790956037e-23,1.94508445187124e-23,2.38577765923946e-23,0.000107119782263885,1.53983971176698e-23
"T>G_ATC",0.00843443133324127,2.12590006741884e-23,0.00197295308441301,1.2920855081936e-20,1.62867808638771e-23,1.84590478322343e-23,0.000285391004650987,9.62680157010226e-11,4.92209981247587e-05,0.000115436447444811,1.93142222520101e-23,4.47797219807453e-21,0.00186905558515515,2.0468573454901e-23,3.81754325352349e-05,1.94508445187124e-23,2.38577765923946e-23,0.00172155382674236,5.51616975487826e-21
"T>G_ATG",0.00316847756724569,0.000118679080269316,0.00415852099801866,3.17945910962853e-05,0.000961196158864153,7.52414725753885e-05,0.00255068142117483,0.000784515303706546,0.0014905322849877,0.00136742204550884,9.39421386299768e-06,0.0025871035596074,0.00741601121627446,0.000290729102831718,0.000711991225298737,0.00102422683350699,0.0019945715225083,0.000539643274683256,0.00115664864756311
"T>G_ATT",0.042836485307945,7.34767526694103e-23,0.00417738326596025,1.33124407296465e-21,8.32631206007879e-22,1.84590478322343e-23,3.74232384250012e-13,3.05451821454208e-05,4.5503505851192e-20,0.000413391247937134,1.93142222520101e-23,3.01004631942185e-07,0.0062214879991657,6.56294554738539e-17,0.000459248183516616,2.05429427731694e-23,3.18613520842175e-23,0.00924266133309756,5.35242421592223e-22
"T>G_CTA",0.00379724902164765,1.50996916071432e-06,0.00758552634095077,1.0766973364321e-13,4.78199599039815e-13,8.24725001710124e-20,1.25143080391103e-22,0.00505464242856382,0.000143885611015673,5.92213048431795e-06,1.90341695785965e-05,4.12700953008451e-05,0.0034390548093278,2.77447954064937e-20,7.92296525636838e-20,9.32896674244816e-20,1.92670367919264e-17,0.000602669971963317,7.616313944943e-08
"T>G_CTC",0.0212244498461998,0.000304289639524256,0.00183058236655086,0.000491742920726983,0.000144671619916405,0.000886356843992168,0.00315622577908253,2.9994858209592e-05,0.000897613391173586,0.000498933250572991,0.000203776299628341,0.00114057522105475,0.00426151930339635,0.000673679109255329,0.000492660729243032,0.000114808135562996,0.00324708810411394,0.00396330690167647,0.00106791230286647
"T>G_CTG",0.0133701093744686,0.000427902695212713,0.00453392343607344,0.000504090715929036,0.000823165734803743,0.00116971371377032,0.00461369182000605,0.00329128676399342,0.000143651991978657,0.00112049581505116,0.000692319777516895,0.000943918691322991,0.00888781750726051,0.00100019225704623,0.000962169361814061,0.00154992285060891,0.00142436729182598,0.00216646492966562,0.000360625458896469
"T>G_CTT",0.220653308297132,7.88038880807037e-10,5.90430973318199e-11,0.00337971016874199,5.35011513019962e-14,7.08564831139812e-08,0.00205187863373509,1.49509563650536e-12,7.55670594519919e-07,0.00481617061845498,0.00192930286589566,1.42886093222234e-09,0.00304821431518735,0.00499650512275962,0.00122223571016647,9.35177703978156e-05,5.20399362893993e-10,0.00684330688272706,1.2349375983466e-11
"T>G_GTA",0.000399834609127619,1.96123726867949e-05,0.00215835390014903,1.8798022869946e-23,3.09137118569661e-05,1.84590478322343e-23,4.3359146300149e-23,0.00174570707402401,3.42677415331006e-05,1.83972497874495e-23,1.93142222520101e-23,2.23051848087859e-23,0.0032882142210355,2.0468573454901e-23,2.41204790956037e-23,1.94508445187124e-23,2.67928855021595e-11,1.93422943573542e-23,7.18572286566751e-10
"T>G_GTC",0.0042029238808656,2.12590006741884e-23,3.55415735081004e-23,2.96861437423464e-05,6.67253100677976e-21,1.84590478322343e-23,4.3359146300149e-23,2.71985252476438e-23,2.06917318593504e-20,6.35315070275968e-06,1.634144505677e-05,2.23051848087859e-23,0.0026665645754118,2.0468573454901e-23,2.41204790956037e-23,1.94508445187124e-23,2.38577765923946e-23,1.93422943573542e-23,1.53983971176698e-23
"T>G_GTG",0.00384078710506123,0.000507551472990516,0.00097328206862752,0.000381175861118139,0.00071476017837064,0.00146658359895128,0.0058056640557695,0.00269201057233311,0.000755216727296283,0.00206940650885354,0.00023344446468464,0.00132951356771987,0.0123412394824677,4.40170655955294e-05,0.00190075235046895,0.00366200810560804,0.00224563620215271,0.00121148456463258,0.00322106431038469
"T>G_GTT",0.0532413138371016,0.00156363055308223,0.00405081070676868,0.000988983658023347,0.00115227012583311,0.00055402759059713,0.0030203891459352,0.00112004754156406,0.00051023400249999,0.0017981355327261,0.000718322007760797,0.000402321110472653,0.00535829609283163,0.00161349874019947,0.000426971735295212,9.5073887814598e-05,0.000908777683606995,0.00247524790222631,0.000283328067509077
"T>G_TTA",0.0051092395400928,4.57198109799954e-10,0.0152236326060072,1.8798022869946e-23,2.88750626597961e-19,2.62190489369039e-22,4.3359146300149e-23,0.0134199907757781,2.66251045688174e-14,1.83972497874495e-23,1.73231648306569e-20,2.23051848087859e-23,0.00701881005808203,3.2716579137726e-21,2.41204790956037e-23,2.65401164118221e-23,7.17073858957567e-18,1.93422943573542e-23,2.55513564989529e-11
"T>G_TTC",0.0141869220006197,0.000510145822369597,0.00394733331412244,0.00171968490712593,0.00132193014817993,0.000601313546231257,0.000351093609757503,0.00144058525526692,4.83816536740188e-05,0.000590318797665012,0.00084307458679536,0.000798231051058144,0.00447975314661332,0.00190741248876033,0.000366792100247872,0.000410526794266887,0.00129574464605872,0.00373209099833812,0.000310543769529604
"T>G_TTG",0.0064635532989738,3.45007375416044e-06,0.00446011790450953,0.00116013165399375,0.000717635181973986,0.000564981192620077,0.000110255079643787,0.0027631915849484,0.000269245816801552,0.00152985081606865,0.000483370681040781,0.00241071445472763,0.00887724945856488,0.000738013765200312,0.000786803992365378,0.00143174677919078,1.18443754424181e-05,0.000733406349662625,0.00138824102910109
"T>G_TTT",0.0931043204969494,1.29449994070904e-05,0.0139667297082392,0.00369376197221142,0.000760997013668243,7.15414904713127e-06,4.42074035984378e-06,0.00587839237278408,2.04655358204074e-05,0.00264805959623017,1.23925175114668e-05,0.00266479099301511,0.0114844980320253,0.00229181549449502,0.000795259066008208,0.00028726828036284,0.00112007262330687,0.0241457824480555,0.00170590183239041
